Fock
symmetry 0
 1268
  0   0 -20.8860603547953865
  0   1 -0.0069832351140874
  0   2 -0.0069237485298977
  0   5 -0.0033334763268380
  0   6 0.0000000021567414
  0   9 0.0000000053209370
  0  10 -0.0000000022308954
  0  13 -0.0000000040051426
  0  14 0.0000000090263541
  0  16 -0.0000000000118727
  0  19 -0.0000000027506729
  0  22 0.0000000074782519
  0  27 -0.0000000095120618
  0  28 0.0000000060107648
  0  29 -0.0000000005203510
  0  34 -0.0000000000088713
  0  38 -0.0000000112535532
  0  39 -0.0000000081568741
  0  43 -0.0000000000041318
  0  46 -0.0000000070817558
  0  53 0.0000000008020512
  0  54 0.0000000000016834
  0  56 -0.0000000028925015
  0  57 -0.0000000125933647
  0  62 0.0000000105598892
  0  65 0.0000000154841259
  0  68 -0.0000000000193491
  0  73 0.0000000000033623
  0  74 0.0000000065138617
  0  79 0.0000000007670381
  0  80 0.0000000023149022
  0  83 0.0000000000053305
  0  85 -0.0000000139074695
  0  92 0.0000000153023414
  0  93 0.0000000029622723
  0  94 0.0000000000017681
  0 104 0.0000000047888549
  0 105 -0.0000000091035155
  0 109 -0.0000000000042883
  0 110 -0.0000000107541365
  0 114 -0.0000000000172320
  0 115 0.0000000015116536
  0 120 -0.0000000229370084
  0 121 0.0000000072496240
  0 122 0.0000000010291152
  0 123 0.0000000058032467
  0 126 -0.0000000148474394
  0 127 -0.0000000000721078
  0 128 0.0000000021076232
  0 131 -0.0000000033167848
  0 132 -0.0000000021203567
  0 133 -0.0000000000208238
  0 136 -0.0000000003528748
  0 137 0.0000000005235047
  0 138 0.0000000000681778
  0 139 0.0000000000041131
  1   0 -0.0069832351140848
  1   1 -1.4638716611446894
  1   2 -0.0158872383017745
  1   5 -0.0189876495100743
  1   6 -0.0003342134674956
  1   9 -0.0030053590470220
  1  10 -0.0001560528191213
  1  13 0.0017601328519583
  1  14 -0.0039656038103260
  1  15 -0.0000000000022945
  1  16 -0.0000000002646820
  1  19 -0.0008746822780007
  1  22 -0.0031515543486031
  1  26 -0.0000000000170935
  1  27 0.0049060591751274
  1  28 -0.0008320648149887
  1  29 -0.0010325213021044
  1  34 -0.0000000000303057
  1  38 0.0026663953722226
  1  39 0.0021257477969112
  1  43 -0.0000000000048520
  1  46 0.0031883676267967
  1  50 -0.0000000000033763
  1  53 -0.0018490372221896
  1  56 0.0002656334680052
  1  57 0.0028176510365495
  1  61 -0.0000000000217538
  1  62 -0.0009847853930156
  1  65 -0.0034251005237566
  1  68 -0.0000000001089228
  1  69 -0.0000000000020042
  1  73 0.0000000000285478
  1  74 -0.0000600786013961
  1  79 -0.0016634922626977
  1  80 0.0000396855731356
  1  83 0.0000000000345993
  1  85 0.0011938832080708
  1  92 -0.0012045824692175
  1  93 -0.0001845338026343
  1  94 -0.0000000000272259
  1  98 -0.0000000000159181
  1 104 -0.0006357035342909
  1 105 0.0007892533837178
  1 109 0.0000000001227559
  1 110 0.0008666782658846
  1 114 0.0000000000432165
  1 115 0.0007574701928600
  1 120 0.0007174900689875
  1 121 -0.0003572289716169
  1 122 -0.0001184495663662
  1 123 -0.0000817711681936
  1 126 0.0001922887490688
  1 127 0.0000086503925041
  1 128 -0.0000541798002361
  1 131 -0.0000069422753083
  1 132 0.0000287223586303
  1 133 0.0000019629372765
  1 136 0.0000011871018705
  1 137 0.0000003476569753
  1 138 -0.0000025297380848
  1 139 0.0000010929102609
  1 140 -0.0000005188600687
  1 141 0.0000001972997580
  2   0 -0.0069237485298970
  2   1 -0.0158872383017734
  2   2 -0.7269316107537778
  2   5 0.0110885733029177
  2   6 0.0105095471166137
  2   9 0.0006081483029093
  2  10 -0.0117214342126856
  2  13 -0.0099763546969452
  2  14 0.0008323687179877
  2  15 0.0000000000018119
  2  16 0.0000000001934341
  2  19 -0.0199603424084064
  2  22 0.0072241094660724
  2  26 0.0000000001249253
  2  27 0.0034336386614012
  2  28 0.0069328081097204
  2  29 -0.0164168742295117
  2  34 -0.0000000000324600
  2  38 -0.0137571611765272
  2  39 -0.0061392075085895
  2  43 0.0000000000445376
  2  46 0.0097531579143961
  2  50 0.0000000000020928
  2  53 -0.0074231013255051
  2  54 0.0000000001179596
  2  55 0.0000000000062985
  2  56 -0.0067950862094171
  2  57 -0.0037431446774173
  2  61 0.0000000000396629
  2  62 0.0054965262233447
  2  65 -0.0020873549546647
  2  68 0.0000000000303360
  2  72 0.0000000000018392
  2  73 -0.0000000003497221
  2  74 0.0072722198523954
  2  79 -0.0089193860587142
  2  80 0.0025053918584707
  2  83 -0.0000000002689356
  2  84 -0.0000000000020826
  2  85 -0.0029322220208678
  2  92 0.0037043994940609
  2  93 0.0002066188366572
  2  94 -0.0000000000133088
  2  98 0.0000000000316614
  2 104 0.0001748588790301
  2 105 0.0004961932072344
  2 108 -0.0000000000036155
  2 109 -0.0000000005503372
  2 110 0.0021493823938205
  2 114 -0.0000000000137241
  2 115 0.0032826016678465
  2 120 -0.0026321410614636
  2 121 0.0013937002873877
  2 122 0.0006068029396668
  2 123 -0.0004648791963719
  2 126 -0.0008173704957230
  2 127 -0.0000287545659328
  2 128 0.0000309704841621
  2 131 -0.0001226788033122
  2 132 0.0000029419371646
  2 133 -0.0000102310603527
  2 136 -0.0000075719206782
  2 137 0.0000012611499170
  2 138 -0.0000009377023804
  2 139 0.0000004712080441
  2 140 -0.0000002203514176
  2 141 0.0000000839073601
  3   3 -0.5388479334156679
  3   7 0.0109136230139724
  3   8 -0.0000056351404331
  3  11 -0.0056000276298891
  3  12 -0.0000106372565786
  3  17 0.0216073394791937
  3  18 -0.0000407996926180
  3  20 0.0032529317953537
  3  21 -0.0000100990935487
  3  23 -0.0000150438411475
  3  24 0.0038941048679308
  3  30 -0.0052126942222445
  3  31 -0.0000000150908194
  3  32 0.0000000001232961
  3  33 -0.0000000000014718
  3  36 -0.0219262418802793
  3  37 0.0000266583894887
  3  40 -0.0053420991851401
  3  41 0.0000028862110125
  3  44 -0.0000135221837664
  3  45 0.0046197627697459
  3  48 0.0000000000689720
  3  51 0.0029542307754306
  3  52 0.0000006638793251
  3  58 0.0011038288763149
  3  59 -0.0000012820676153
  3  63 -0.0000013138849353
  3  64 0.0004242216615430
  3  66 -0.0000000000295858
  3  70 -0.0000154001234608
  3  71 0.0047364290620684
  3  75 0.0000371285246262
  3  76 -0.0123839254468777
  3  77 -0.0000000000337600
  3  81 0.0000081540927644
  3  82 -0.0022621469136821
  3  86 -0.0015670477688853
  3  87 0.0000003381970485
  3  88 -0.0000000000804613
  3  96 -0.0000004353648331
  3  97 -0.0001357156560952
  3 100 0.0000016507013624
  3 101 -0.0005060103304281
  3 102 -0.0000006685076460
  3 103 0.0001332048601096
  3 106 0.0000000003413639
  3 107 -0.0000000000025471
  3 111 -0.0000071863429683
  3 112 0.0024261921175371
  3 116 0.0000105673418112
  3 117 -0.0035787646543156
  3 118 0.0000051565678929
  3 119 0.0015136219929771
  3 124 -0.0000079339238446
  3 125 -0.0009062679369261
  3 129 0.0002411498661727
  3 130 -0.0000002815597121
  3 134 -0.0000188301920531
  3 135 0.0000006159053256
  4   4 -0.5388479333727494
  4   7 0.0000056351404591
  4   8 0.0109136230635415
  4  11 -0.0000106372568537
  4  12 0.0056000276797509
  4  17 0.0000407996930382
  4  18 0.0216073395845499
  4  20 -0.0000100990936878
  4  21 -0.0032529318593232
  4  23 0.0038941049201422
  4  24 0.0000150438417664
  4  30 -0.0000000150909901
  4  31 0.0052126943207822
  4  33 0.0000000001153630
  4  36 -0.0000266583894217
  4  37 -0.0219262420106664
  4  40 -0.0000028862110342
  4  41 -0.0053420993105231
  4  44 0.0046197628545779
  4  45 0.0000135221844931
  4  47 0.0000000000683417
  4  51 0.0000006638792933
  4  52 -0.0029542307633713
  4  58 -0.0000012820677282
  4  59 -0.0011038289320612
  4  63 0.0004242216495753
  4  64 0.0000013138846694
  4  67 -0.0000000000347306
  4  70 0.0047364289658295
  4  71 0.0000154001232668
  4  75 -0.0123839253195465
  4  76 -0.0000371285248396
  4  78 -0.0000000000362594
  4  81 -0.0022621468559032
  4  82 -0.0000081540927280
  4  86 0.0000003381970852
  4  87 0.0015670477504023
  4  89 0.0000000000809137
  4  96 0.0001357155990044
  4  97 -0.0000004353645892
  4 100 -0.0005060103273245
  4 101 -0.0000016507013048
  4 102 0.0001332048657876
  4 103 0.0000006685076750
  4 106 0.0000000000026909
  4 107 0.0000000003169299
  4 111 0.0024261919275822
  4 112 0.0000071863422899
  4 116 -0.0035787643576820
  4 117 -0.0000105673408124
  4 118 -0.0015136218821646
  4 119 0.0000051565674515
  4 124 0.0009062678144124
  4 125 -0.0000079339227854
  4 129 -0.0000002815596860
  4 130 -0.0002411498575353
  4 134 -0.0000006159052569
  4 135 -0.0000188301912914
  5   0 -0.0033334763268367
  5   1 -0.0189876495100731
  5   2 0.0110885733029175
  5   5 -0.0233440983921156
  5   6 -0.0179750407009634
  5   9 -0.0356843593100602
  5  10 0.0153961431620604
  5  13 0.0189050312826595
  5  14 -0.0330042018528542
  5  15 0.0000000000031605
  5  16 0.0000000004404265
  5  19 0.0147755105874630
  5  22 -0.0251876004270669
  5  26 -0.0000000000515956
  5  27 0.0186590711402043
  5  28 -0.0129868582322689
  5  29 0.0037124359752546
  5  34 -0.0000000001065127
  5  38 0.0192076586399571
  5  39 0.0120264036828862
  5  42 -0.0000000000018465
  5  43 0.0000000003303641
  5  46 0.0077071592428096
  5  50 0.0000000000477500
  5  53 0.0008707037801932
  5  54 -0.0000000000457626
  5  55 -0.0000000000024464
  5  56 0.0028649005351544
  5  57 0.0108493441542500
  5  61 0.0000000000404498
  5  62 -0.0095431326225171
  5  65 -0.0105778436915438
  5  68 -0.0000000000962043
  5  69 -0.0000000000016364
  5  73 0.0000000000583918
  5  74 -0.0019828273832552
  5  79 -0.0006376577527785
  5  80 -0.0023194729473741
  5  83 0.0000000000132548
  5  85 0.0054928225656217
  5  90 0.0000000000011535
  5  91 -0.0000000000119333
  5  92 -0.0070336192508312
  5  93 -0.0020210314828183
  5  94 -0.0000000003022837
  5  95 -0.0000000000017230
  5  98 -0.0000000000851340
  5 104 -0.0012618155354405
  5 105 0.0028410259855576
  5 108 0.0000000000036930
  5 109 0.0000000005636657
  5 110 0.0012086607643082
  5 113 0.0000000000016521
  5 114 -0.0000000002997997
  5 115 0.0020497344936879
  5 120 0.0034489077945552
  5 121 -0.0013015162409303
  5 122 -0.0000806540755899
  5 123 -0.0008500253457655
  5 126 0.0003157201180617
  5 127 0.0000081306619790
  5 128 -0.0000160661893875
  5 131 0.0000174096097682
  5 132 0.0000849836366035
  5 133 0.0000001004627481
  5 136 -0.0000000477159306
  5 137 -0.0000065139508100
  5 138 -0.0000066560488109
  5 139 0.0000023532893772
  5 140 -0.0000011423276482
  5 141 0.0000004349904175
  6   0 0.0000000021567569
  6   1 -0.0003342134674984
  6   2 0.0105095471166169
  6   5 -0.0179750407009656
  6   6 0.0688366234312665
  7   3 0.0109136230139719
  7   4 0.0000056351404591
  7   7 0.0888909440483061
  8   3 -0.0000056351404331
  8   4 0.0109136230635411
  8   8 0.0888909440565011
  9   0 0.0000000053209633
  9   1 -0.0030053590470202
  9   2 0.0006081483029235
  9   5 -0.0356843593100774
  9   9 0.1150320400858564
  9  27 0.0000000000014584
  9  46 -0.0000000000010411
 10   0 -0.0000000022308521
 10   1 -0.0001560528191697
 10   2 -0.0117214342126698
 10   5 0.0153961431620341
 10  10 0.1778646503453720
 10 140 0.0000000000012811
 11   3 -0.0056000276298880
 11   4 -0.0000106372568537
 11  11 0.2508004546179108
 12   3 -0.0000106372565786
 12   4 0.0056000276797498
 12  12 0.2508004546991267
 13   0 -0.0000000040051240
 13   1 0.0017601328519997
 13   2 -0.0099763546969381
 13   5 0.0189050312826486
 13  13 0.3627489589426762
 14   0 0.0000000090263420
 14   1 -0.0039656038103277
 14   2 0.0008323687179592
 14   5 -0.0330042018528379
 14  14 0.4311090490778320
 14  19 -0.0000000000028776
 14  27 -0.0000000000035170
 14  29 0.0000000000024971
 14  39 0.0000000000014357
 14  46 0.0000000000030768
 14  53 -0.0000000000023823
 14  56 -0.0000000000016830
 14  79 0.0000000000024322
 14 115 0.0000000000011141
 15   1 -0.0000000000022945
 15   2 0.0000000000018119
 15   5 0.0000000000031605
 15  15 0.4377203582215401
 16   0 -0.0000000000118727
 16   1 -0.0000000002646820
 16   2 0.0000000001934341
 16   5 0.0000000004404265
 16  16 0.4377203582256612
 17   3 0.0216073394791984
 17   4 0.0000407996930382
 17  17 0.4443539642073728
 18   3 -0.0000407996926180
 18   4 0.0216073395845513
 18  18 0.4443539642233043
 19   0 -0.0000000027507556
 19   1 -0.0008746822779755
 19   2 -0.0199603424084813
 19   5 0.0147755105874227
 19  14 -0.0000000000018567
 19  19 0.4620802836773568
 19  27 0.0000000000033218
 19  29 -0.0000000000029795
 19  39 -0.0000000000012432
 19  46 -0.0000000000030011
 19  53 0.0000000000043924
 19  56 0.0000000000014209
 19  62 0.0000000000010391
 19  79 -0.0000000000037403
 19  92 -0.0000000000011015
 19  93 -0.0000000000010868
 19 104 -0.0000000000012653
 19 105 -0.0000000000011083
 19 121 0.0000000000011315
 20   3 0.0032529317953564
 20   4 -0.0000100990936878
 20  20 0.5415277702444599
 21   3 -0.0000100990935487
 21   4 -0.0032529318593235
 21  21 0.5415277702653665
 22   0 0.0000000074782366
 22   1 -0.0031515543485920
 22   2 0.0072241094660428
 22   5 -0.0251876004270732
 22  22 0.5819598694589934
 22 140 0.0000000000018603
 23   3 -0.0000150438411475
 23   4 0.0038941049201457
 23  23 0.8154222661341342
 24   3 0.0038941048679267
 24   4 0.0000150438417664
 24  24 0.8154222662662529
 25  25 0.9699573982291871
 26   1 -0.0000000000170935
 26   2 0.0000000001249253
 26   5 -0.0000000000515955
 26  26 0.9699573982387879
 27   0 -0.0000000095121704
 27   1 0.0049060591750298
 27   2 0.0034336386613079
 27   5 0.0186590711402367
 27   6 0.0000000000013442
 27   9 0.0000000000023196
 27  10 0.0000000000032909
 27  13 0.0000000000031262
 27  14 -0.0000000000046247
 27  19 -0.0000000000025163
 27  27 0.9899527158813506
 27  29 0.0000000000051493
 27  38 -0.0000000000013794
 27  39 0.0000000000027959
 27  46 0.0000000000045244
 27  53 -0.0000000000063342
 27  56 -0.0000000000019716
 27  62 -0.0000000000012591
 27  65 0.0000000000010258
 27  74 0.0000000000014170
 27  79 0.0000000000057953
 27  92 0.0000000000015250
 27  93 0.0000000000016214
 27 104 0.0000000000021162
 27 105 0.0000000000019749
 27 110 0.0000000000014758
 27 115 0.0000000000020974
 27 121 -0.0000000000017042
 27 122 -0.0000000000010332
 27 123 0.0000000000015703
 28   0 0.0000000060107574
 28   1 -0.0008320648150245
 28   2 0.0069328081097125
 28   5 -0.0129868582322671
 28  28 1.0848975665062592
 29   0 -0.0000000005202323
 29   1 -0.0010325213020387
 29   2 -0.0164168742293914
 29   5 0.0037124359752876
 29  14 0.0000000000011359
 29  19 -0.0000000000042641
 29  22 -0.0000000000014814
 29  27 -0.0000000000023074
 29  28 -0.0000000000015464
 29  29 1.1422453087383921
 29  39 0.0000000000021519
 29  46 0.0000000000042498
 29  53 -0.0000000000057244
 29  56 -0.0000000000012533
 29  62 -0.0000000000019590
 29  65 0.0000000000011093
 29  74 0.0000000000025194
 29  79 0.0000000000068086
 29  92 0.0000000000032543
 29  93 0.0000000000024493
 29 104 0.0000000000027630
 29 105 0.0000000000046416
 29 110 0.0000000000016813
 29 115 0.0000000000018629
 29 121 -0.0000000000037962
 29 122 -0.0000000000024244
 29 123 0.0000000000021064
 29 128 0.0000000000014565
 30   3 -0.0052126942222366
 30   4 -0.0000000150909901
 30  30 1.2338475105711382
 31   3 -0.0000000150908194
 31   4 0.0052126943207927
 31  31 1.2338475106222031
 32   3 0.0000000001232965
 32  32 1.4304087573042554
 33   3 -0.0000000000014718
 33   4 0.0000000001153626
 33  33 1.4304087573094464
 34   0 -0.0000000000088714
 34   1 -0.0000000000303057
 34   2 -0.0000000000324601
 34   5 -0.0000000001065126
 34  34 1.4633214266693562
 35  35 1.4633214266817083
 36   3 -0.0219262418802766
 36   4 -0.0000266583894217
 36  36 1.5236765493567754
 37   3 0.0000266583894887
 37   4 -0.0219262420106678
 37  37 1.5236765494133937
 38   0 -0.0000000112535699
 38   1 0.0026663953721809
 38   2 -0.0137571611765546
 38   5 0.0192076586399495
 38  27 -0.0000000000015034
 38  29 0.0000000000014714
 38  38 1.5394867958714848
 39   0 -0.0000000081568253
 39   1 0.0021257477968242
 39   2 -0.0061392075085724
 39   5 0.0120264036828794
 39  10 -0.0000000000012369
 39  13 -0.0000000000011231
 39  14 0.0000000000019309
 39  27 0.0000000000022395
 39  39 1.6383938210306095
 39 140 0.0000000000017332
 40   3 -0.0053420991851352
 40   4 -0.0000028862110342
 40  40 1.6587174150102935
 41   3 0.0000028862110125
 41   4 -0.0053420993105222
 41  41 1.6587174150874180
 42   5 -0.0000000000018465
 42  42 1.7253975364630942
 43   0 -0.0000000000041318
 43   1 -0.0000000000048519
 43   2 0.0000000000445376
 43   5 0.0000000003303640
 43  43 1.7253975364720902
 44   3 -0.0000135221837664
 44   4 0.0046197628545717
 44  44 1.9894045605503896
 45   3 0.0046197627697247
 45   4 0.0000135221844931
 45  45 1.9894045612224514
 46   0 -0.0000000070817205
 46   1 0.0031883676267064
 46   2 0.0097531579145023
 46   5 0.0077071592428588
 46   9 -0.0000000000013176
 46  10 -0.0000000000015927
 46  13 -0.0000000000016872
 46  14 0.0000000000027203
 46  19 -0.0000000000015089
 46  22 -0.0000000000014747
 46  28 -0.0000000000012920
 46  29 0.0000000000036783
 46  38 -0.0000000000028814
 46  39 0.0000000000024087
 46  46 2.0073770783764076
 46  56 0.0000000000019889
 46  62 -0.0000000000029303
 46  74 0.0000000000023742
 46  79 0.0000000000028957
 46  80 0.0000000000011923
 46  92 0.0000000000043490
 46  93 0.0000000000020833
 46 104 0.0000000000024489
 46 105 0.0000000000057145
 46 110 0.0000000000017336
 46 115 0.0000000000011591
 46 121 -0.0000000000038087
 46 122 -0.0000000000038033
 46 123 0.0000000000021421
 46 126 -0.0000000000015288
 46 128 0.0000000000016433
 46 139 -0.0000000000010254
 46 140 0.0000000000010831
 47   4 0.0000000000683417
 47  47 2.3189497728397619
 48   3 0.0000000000689720
 48  48 2.3189497728403587
 49  49 2.3329241907463367
 50   1 -0.0000000000033764
 50   2 0.0000000000020927
 50   5 0.0000000000477497
 50  50 2.3329241907506102
 51   3 0.0029542307754232
 51   4 0.0000006638792933
 51  51 2.4177340192801360
 52   3 0.0000006638793251
 52   4 -0.0029542307633720
 52  52 2.4177340193357040
 53   0 0.0000000008019898
 53   1 -0.0018490372222386
 53   2 -0.0074231013255371
 53   5 0.0008707037801509
 53   9 0.0000000000020891
 53  10 0.0000000000028761
 53  13 0.0000000000015213
 53  14 -0.0000000000049900
 53  19 -0.0000000000019242
 53  22 -0.0000000000015407
 53  27 -0.0000000000078882
 53  28 0.0000000000013460
 53  29 0.0000000000064548
 53  39 0.0000000000034227
 53  46 0.0000000000144026
 53  53 2.4189719135861010
 53  56 -0.0000000000020976
 53  57 -0.0000000000013954
 53  62 -0.0000000000031110
 53  65 0.0000000000019754
 53  74 0.0000000000033657
 53  79 0.0000000000096093
 53  85 0.0000000000018713
 53  92 0.0000000000052192
 53  93 0.0000000000037566
 53 104 0.0000000000036415
 53 105 0.0000000000071689
 53 110 0.0000000000025136
 53 115 0.0000000000028210
 53 120 -0.0000000000010193
 53 121 -0.0000000000058890
 53 122 -0.0000000000037168
 53 123 0.0000000000028644
 53 126 -0.0000000000011592
 53 128 0.0000000000016231
 54   0 0.0000000000016834
 54   2 0.0000000001179597
 54   5 -0.0000000000457627
 54  54 2.5314963840223061
 55   2 0.0000000000062985
 55   5 -0.0000000000024464
 55  55 2.5314963840223799
 56   0 -0.0000000028925748
 56   1 0.0002656334680727
 56   2 -0.0067950862094661
 56   5 0.0028649005351533
 56  10 0.0000000000012875
 56  13 0.0000000000011902
 56  14 -0.0000000000015339
 56  46 0.0000000000020539
 56  53 0.0000000000037693
 56  56 2.6491319326136789
 56  62 -0.0000000000011418
 56  74 0.0000000000018779
 56  79 0.0000000000021841
 56  92 0.0000000000019785
 56 104 0.0000000000015254
 56 105 0.0000000000025430
 56 121 -0.0000000000019963
 56 122 -0.0000000000014961
 57   0 -0.0000000125933220
 57   1 0.0028176510366282
 57   2 -0.0037431446774174
 57   5 0.0108493441542366
 57  27 0.0000000000015660
 57  29 -0.0000000000015149
 57  39 -0.0000000000018393
 57  46 -0.0000000000010023
 57  53 0.0000000000029194
 57  57 2.9234713432044863
 58   3 0.0011038288763162
 58   4 -0.0000012820677282
 58  58 3.0836347733807203
 59   3 -0.0000012820676153
 59   4 -0.0011038289320636
 59  59 3.0836347734228231
 60  60 3.2077642398928568
 61   1 -0.0000000000217538
 61   2 0.0000000000396629
 61   5 0.0000000000404496
 61  61 3.2077642399072022
 62   0 0.0000000105598677
 62   1 -0.0009847853930659
 62   2 0.0054965262233658
 62   5 -0.0095431326225221
 62  27 -0.0000000000014883
 62  29 0.0000000000012668
 62  46 0.0000000000025337
 62  53 -0.0000000000038319
 62  56 -0.0000000000023896
 62  62 3.5353430292445842
 62  79 0.0000000000011897
 63   3 -0.0000013138849353
 63   4 0.0004242216495790
 63  63 3.7596312450638720
 64   3 0.0004242216615566
 64   4 0.0000013138846694
 64  64 3.7596312453242531
 65   0 0.0000000154841561
 65   1 -0.0034251005237963
 65   2 -0.0020873549546595
 65   5 -0.0105778436915607
 65  14 0.0000000000011850
 65  27 0.0000000000017003
 65  46 -0.0000000000027210
 65  56 0.0000000000015449
 65  57 0.0000000000015321
 65  65 3.8713546105330643
 65  79 -0.0000000000023759
 65  92 -0.0000000000010186
 65 105 -0.0000000000014544
 65 121 0.0000000000013471
 66   3 -0.0000000000295855
 66  66 4.2364872463794958
 67   4 -0.0000000000347315
 67  67 4.2364872463853507
 68   0 -0.0000000000193490
 68   1 -0.0000000001089226
 68   2 0.0000000000303360
 68   5 -0.0000000000962043
 68  68 4.2597034419015944
 69   1 -0.0000000000020042
 69   5 -0.0000000000016364
 69  69 4.2597034419021611
 70   3 -0.0000154001234608
 70   4 0.0047364289658321
 70  70 4.3182021213134067
 71   3 0.0047364290620605
 71   4 0.0000154001232668
 71  71 4.3182021214791693
 72   2 0.0000000000018392
 72  72 4.4386457598685389
 73   0 0.0000000000033623
 73   1 0.0000000000285478
 73   2 -0.0000000003497221
 73   5 0.0000000000583917
 73  73 4.4386457598828422
 74   0 0.0000000065138548
 74   1 -0.0000600786013280
 74   2 0.0072722198523663
 74   5 -0.0019828273832393
 74  53 0.0000000000034795
 74  56 0.0000000000018949
 74  74 4.5900470886319420
 74  79 0.0000000000022825
 74 121 -0.0000000000010121
 75   3 0.0000371285246263
 75   4 -0.0123839253195501
 75  75 4.6268001971207546
 76   3 -0.0123839254468808
 76   4 -0.0000371285248396
 76  76 4.6268001973929325
 77   3 -0.0000000000337602
 77  77 4.6492417949285274
 78   4 -0.0000000000362592
 78  78 4.6492417949320828
 79   0 0.0000000007671622
 79   1 -0.0016634922625263
 79   2 -0.0089193860586675
 79   5 -0.0006376577527475
 79  14 0.0000000000021966
 79  19 -0.0000000000034117
 79  27 -0.0000000000018727
 79  28 -0.0000000000019805
 79  29 0.0000000000041195
 79  38 -0.0000000000028562
 79  39 0.0000000000023731
 79  46 -0.0000000000034863
 79  53 -0.0000000000033248
 79  56 0.0000000000024973
 79  57 0.0000000000038593
 79  62 -0.0000000000017525
 79  74 0.0000000000043563
 79  79 4.9229629768365371
 79  85 -0.0000000000020997
 79  92 -0.0000000000010268
 79  93 -0.0000000000011067
 79 105 -0.0000000000020094
 79 120 0.0000000000014462
 79 121 0.0000000000015234
 80   0 0.0000000023148840
 80   1 0.0000396855731623
 80   2 0.0025053918584418
 80   5 -0.0023194729473844
 80  53 0.0000000000024937
 80  80 5.2094342115248855
 81   3 0.0000081540927645
 81   4 -0.0022621468559051
 81  81 5.2728340919393357
 82   3 -0.0022621469136804
 82   4 -0.0000081540927280
 82  82 5.2728340920164323
 83   0 0.0000000000053305
 83   1 0.0000000000345993
 83   2 -0.0000000002689354
 83   5 0.0000000000132548
 83  83 5.7205650770896268
 84   2 -0.0000000000020826
 84  84 5.7205650771079037
 85   0 -0.0000000139074984
 85   1 0.0011938832079735
 85   2 -0.0029322220208716
 85   5 0.0054928225656034
 85  27 -0.0000000000019265
 85  29 0.0000000000021863
 85  39 0.0000000000019469
 85  46 0.0000000000018900
 85  53 -0.0000000000024210
 85  79 0.0000000000012304
 85  85 6.2825646565787849
 86   3 -0.0015670477688865
 86   4 0.0000003381970852
 86  86 6.3575908743060507
 87   3 0.0000003381970484
 87   4 0.0015670477503947
 87  87 6.3575908743496310
 88   3 -0.0000000000804613
 88  88 6.7733582441268192
 89   4 0.0000000000809137
 89  89 6.7733582441277633
 90   5 0.0000000000011535
 90  90 6.7753818114078488
 91   5 -0.0000000000119337
 91  91 6.7753818114219371
 92   0 0.0000000153023843
 92   1 -0.0012045824692554
 92   2 0.0037043994939969
 92   5 -0.0070336192508412
 92  10 -0.0000000000016762
 92  14 0.0000000000016538
 92  19 0.0000000000019452
 92  27 0.0000000000029890
 92  29 -0.0000000000011859
 92  46 -0.0000000000034807
 92  53 0.0000000000051810
 92  56 0.0000000000035909
 92  57 0.0000000000019492
 92  65 -0.0000000000014522
 92  79 -0.0000000000047159
 92  85 -0.0000000000019300
 92  92 6.9286966275838715
 92 115 -0.0000000000011904
 93   0 0.0000000029623152
 93   1 -0.0001845338026069
 93   2 0.0002066188366568
 93   5 -0.0020210314828130
 93  56 0.0000000000011320
 93  74 0.0000000000012782
 93  79 -0.0000000000010071
 93  93 7.1682686967926106
 94   0 0.0000000000017681
 94   1 -0.0000000000272260
 94   2 -0.0000000000133089
 94   5 -0.0000000003022838
 94  94 7.2040586848211117
 94 105 0.0000000000011026
 94 121 -0.0000000000011276
 95   5 -0.0000000000017230
 95  95 7.2040586848227939
 96   3 -0.0000004353648331
 96   4 0.0001357155990025
 96  96 7.2469338302514119
 97   3 -0.0001357156561017
 97   4 -0.0000004353645892
 97  97 7.2469338304123134
 98   1 -0.0000000000159182
 98   2 0.0000000000316613
 98   5 -0.0000000000851339
 98  98 8.5394674307405509
 99  99 8.5394674307421639
100   3 0.0000016507013623
100   4 -0.0005060103273057
100 100 9.2766166417992100
101   3 -0.0005060103304142
101   4 -0.0000016507013048
101 101 9.2766166420484897
102   3 -0.0000006685076460
102   4 0.0001332048657768
102 102 9.4307156451502294
103   3 0.0001332048601124
103   4 0.0000006685076750
103 103 9.4307156451833780
104   0 0.0000000047889106
104   1 -0.0006357035342770
104   2 0.0001748588790335
104   5 -0.0012618155354288
104  46 -0.0000000000015319
104  53 0.0000000000025841
104  56 0.0000000000014914
104  57 0.0000000000013389
104  79 -0.0000000000030184
104  85 -0.0000000000014675
104  92 -0.0000000000013611
104 104 9.6896030909472941
104 115 0.0000000000011597
105   0 -0.0000000091034780
105   1 0.0007892533836845
105   2 0.0004961932072400
105   5 0.0028410259855923
105  13 0.0000000000011093
105  19 -0.0000000000026939
105  27 -0.0000000000033412
105  29 0.0000000000046996
105  39 0.0000000000023003
105  46 0.0000000000028585
105  53 0.0000000000011760
105  57 0.0000000000015642
105  74 0.0000000000010892
105  79 -0.0000000000010029
105  94 0.0000000000011089
105 105 10.5915517935859071
105 115 0.0000000000023147
105 120 -0.0000000000019947
105 121 -0.0000000000022402
106   3 0.0000000003413636
106   4 0.0000000000026909
106 106 11.1579516227094118
107   3 -0.0000000000025471
107   4 0.0000000003169313
107 107 11.1579516227149256
108   2 -0.0000000000036155
108   5 0.0000000000036930
108 108 11.3940601989769803
108 140 0.0000000000019376
109   0 -0.0000000000042883
109   1 0.0000000001227559
109   2 -0.0000000005503374
109   5 0.0000000005636658
109 109 11.3940601989787602
110   0 -0.0000000107540913
110   1 0.0008666782658486
110   2 0.0021493823938247
110   5 0.0012086607642997
110  10 -0.0000000000010311
110  14 0.0000000000015067
110  27 0.0000000000024689
110  29 -0.0000000000014010
110  46 -0.0000000000036959
110  53 0.0000000000020839
110  56 0.0000000000023955
110  57 0.0000000000019800
110  65 -0.0000000000010454
110  79 -0.0000000000033334
110  85 -0.0000000000017891
110  93 -0.0000000000012353
110 110 11.4808563491274427
110 140 -0.0000000000010124
111   3 -0.0000071863429683
111   4 0.0024261919275814
111 111 11.6290383446542194
112   3 0.0024261921175341
112   4 0.0000071863422899
112 112 11.6290383447273094
112 140 0.0000000000033563
113   5 0.0000000000016521
113 113 12.5367033652323716
114   0 -0.0000000000172320
114   1 0.0000000000432170
114   2 -0.0000000000137239
114   5 -0.0000000002997994
114 114 12.5367033652696183
115   0 0.0000000015117136
115   1 0.0007574701927724
115   2 0.0032826016678802
115   5 0.0020497344936744
115  10 -0.0000000000015435
115  14 0.0000000000022720
115  27 0.0000000000033540
115  29 -0.0000000000021920
115  38 -0.0000000000014718
115  39 -0.0000000000011334
115  46 -0.0000000000056688
115  53 0.0000000000010068
115  56 0.0000000000029345
115  57 0.0000000000027044
115  65 -0.0000000000014351
115  74 0.0000000000013448
115  79 -0.0000000000045178
115  80 0.0000000000010343
115  85 -0.0000000000024852
115  93 -0.0000000000014047
115 105 0.0000000000011049
115 115 12.5979747175010033
115 139 -0.0000000000013510
115 140 -0.0000000000012511
116   3 0.0000105673418112
116   4 -0.0035787643576789
116 116 13.1447516197271685
117   3 -0.0035787646543111
117   4 -0.0000105673408124
117 117 13.1447516198763807
118   3 0.0000051565678929
118   4 -0.0015136218821609
118 118 14.4751178527435762
119   3 0.0015136219929763
119   4 0.0000051565674515
119 119 14.4751178528916675
119 140 -0.0000000000015490
120   0 -0.0000000229369942
120   1 0.0007174900689806
120   2 -0.0026321410614759
120   5 0.0034489077945552
120  10 -0.0000000000010794
120  19 0.0000000000013067
120  27 0.0000000000029359
120  29 -0.0000000000029208
120  39 -0.0000000000022127
120  46 -0.0000000000034391
120  53 0.0000000000032760
120  56 0.0000000000015646
120  65 -0.0000000000012293
120  74 -0.0000000000010715
120  79 -0.0000000000033044
120  92 -0.0000000000013588
120  93 -0.0000000000015352
120 104 -0.0000000000018081
120 105 -0.0000000000029845
120 110 -0.0000000000015260
120 115 -0.0000000000017639
120 120 14.7023557925852550
120 121 0.0000000000010446
121   0 0.0000000072495710
121   1 -0.0003572289716339
121   2 0.0013937002874154
121   5 -0.0013015162409092
121  14 -0.0000000000013979
121  27 -0.0000000000013945
121  38 0.0000000000012267
121  46 0.0000000000029227
121  53 -0.0000000000035381
121  56 -0.0000000000035972
121  57 -0.0000000000025647
121  65 0.0000000000014524
121  74 -0.0000000000015448
121  79 0.0000000000042899
121  85 0.0000000000020898
121  94 -0.0000000000011361
121 105 -0.0000000000012498
121 115 0.0000000000011224
121 121 15.4033454692424741
121 123 0.0000000000017830
121 128 0.0000000000013062
122   0 0.0000000010291013
122   1 -0.0001184495664033
122   2 0.0006068029397096
122   5 -0.0000806540756045
122  27 -0.0000000000010432
122  53 -0.0000000000036665
122  56 -0.0000000000021042
122  79 0.0000000000028937
122 122 17.1853745538905009
122 140 -0.0000000000016521
123   0 0.0000000058033869
123   1 -0.0000817711682659
123   2 -0.0004648791963682
123   5 -0.0008500253457777
123  10 -0.0000000000012164
123  14 0.0000000000011670
123  27 0.0000000000017531
123  38 -0.0000000000012823
123  46 -0.0000000000016505
123  62 -0.0000000000010681
123  85 -0.0000000000012707
123 105 0.0000000000015714
123 115 0.0000000000012253
123 120 0.0000000000015952
123 123 34.3132573899407092
123 140 0.0000000000027430
124   3 -0.0000079339238446
124   4 0.0009062678144121
124 124 39.5014959313791465
124 140 0.0000000000014866
125   3 -0.0009062679369298
125   4 -0.0000079339227855
125 125 39.5014959313945084
125 140 -0.0000000000011005
126   0 -0.0000000148474587
126   1 0.0001922887490654
126   2 -0.0008173704956917
126   5 0.0003157201180654
126  53 -0.0000000000020878
126  79 0.0000000000014241
126 126 40.4309075919748508
126 140 0.0000000000030207
127   0 -0.0000000000721046
127   1 0.0000086503924967
127   2 -0.0000287545659282
127   5 0.0000081306619843
127 127 62.3426781150536371
128   0 0.0000000021077723
128   1 -0.0000541798003040
128   2 0.0000309704841605
128   5 -0.0000160661894010
128  14 0.0000000000011860
128  27 0.0000000000023320
128  46 -0.0000000000023125
128  53 0.0000000000011634
128  56 0.0000000000014371
128  62 -0.0000000000011115
128  85 -0.0000000000014888
128 105 0.0000000000017218
128 110 0.0000000000013089
128 115 0.0000000000015179
128 120 0.0000000000016593
128 128 97.0461674356032944
129   3 0.0002411498661719
129   4 -0.0000002815596861
129 129 129.7123503264026851
129 140 0.0000000000018088
130   3 -0.0000002815597121
130   4 -0.0002411498575390
130 130 129.7123503264610633
131   0 -0.0000000033167781
131   1 -0.0000069422753059
131   2 -0.0001226788033252
131   5 0.0000174096097664
131 131 130.4249063056903424
131 139 0.0000000000024890
131 140 -0.0000000000091872
132   0 -0.0000000021201343
132   1 0.0000287223586115
132   2 0.0000029419371735
132   5 0.0000849836366023
132  27 0.0000000000012250
132  46 -0.0000000000010961
132 105 0.0000000000016864
132 115 0.0000000000010599
132 128 -0.0000000000012189
132 132 274.1688489382260627
132 140 -0.0000000000018704
133   0 -0.0000000000208237
133   1 0.0000019629372725
133   2 -0.0000102310603528
133   5 0.0000001004627464
133 133 364.0293038584259193
133 140 0.0000000000013244
134   3 -0.0000188301920538
134   4 -0.0000006159052569
134 134 536.3748215140518596
134 139 -0.0000000000012051
134 140 0.0000000000072785
135   3 0.0000006159053257
135   4 -0.0000188301912906
135 135 536.3748215140532238
135 140 0.0000000000025003
136   0 -0.0000000003528824
136   1 0.0000011871018682
136   2 -0.0000075719206717
136   5 -0.0000000477159308
136 136 536.8628303945392872
137   0 0.0000000005236240
137   1 0.0000003476569960
137   2 0.0000012611499283
137   5 -0.0000065139508015
137  79 0.0000000000010760
137 105 0.0000000000014234
137 128 -0.0000000000017129
137 137 790.3821238415924881
137 139 -0.0000000000017699
137 140 0.0000000000061043
138   0 0.0000000000681458
138   1 -0.0000025297380944
138   2 -0.0000009377023849
138   5 -0.0000066560488132
138 128 0.0000000000017415
138 132 0.0000000000014793
138 137 0.0000000000033140
138 138 2356.3591507346304752
139   0 0.0000000000040949
139   1 0.0000010929102590
139   2 0.0000004712080448
139   5 0.0000023532893752
139  46 -0.0000000000010996
139 115 -0.0000000000013280
139 123 -0.0000000000010897
139 128 -0.0000000000018952
139 131 0.0000000000025617
139 132 -0.0000000000023587
139 134 -0.0000000000012051
139 137 -0.0000000000050628
139 138 0.0000000000012478
139 139 7196.3263337380358280
139 140 0.0000000000014960
140   1 -0.0000005188600684
140   2 -0.0000002203514190
140   5 -0.0000011423276472
140  10 0.0000000000013415
140  22 0.0000000000018497
140  39 0.0000000000017267
140  46 0.0000000000011084
140 108 0.0000000000019376
140 110 -0.0000000000010001
140 112 0.0000000000033563
140 115 -0.0000000000012390
140 119 -0.0000000000015490
140 122 -0.0000000000015512
140 123 0.0000000000029976
140 124 0.0000000000014866
140 125 -0.0000000000011005
140 126 0.0000000000030184
140 128 0.0000000000012541
140 129 0.0000000000018088
140 131 -0.0000000000092432
140 133 0.0000000000013248
140 134 0.0000000000072785
140 135 0.0000000000025003
140 136 0.0000000000014688
140 137 0.0000000000066429
140 138 0.0000000000027850
140 139 -0.0000000000018320
140 140 21941.1266841348769958
140 141 -0.0000000000030453
141   1 0.0000001972997585
141   2 0.0000000839073614
141   5 0.0000004349904167
141 139 -0.0000000000021114
141 140 0.0000000000034842
141 141 69676.6553557092847768
