0 2 0 -1 -75.44220857
1 2 0 -1 -75.44220857
2 2 0 -1 -75.27532948
3 2 0 -1 -75.20766235
4 2 0 -1 -75.14358501
5 2 0 -1 -75.14358501
6 2 0 -1 -75.10319734
7 2 0 -1 -75.05093689
8 2 0 -1 -75.05093689
9 2 0 -1 -74.99056568
10 2 0 -1 -74.99056568
11 2 0 -1 -74.82041056
12 2 0 -1 -74.63951021
13 2 0 -1 -74.54466534
14 2 0 -1 -74.54466534
0 2 0 1 -75.44220857
1 2 0 1 -75.44220857
2 2 0 1 -75.27532948
3 2 0 1 -75.20766235
4 2 0 1 -75.14358501
5 2 0 1 -75.14358501
6 2 0 1 -75.10319734
7 2 0 1 -75.05093689
8 2 0 1 -75.05093689
9 2 0 1 -74.99056568
10 2 0 1 -74.99056568
11 2 0 1 -74.82041056
12 2 0 1 -74.63951021
13 2 0 1 -74.54466534
14 2 0 1 -74.54466534
