Fock
symmetry 0
 1245
  0   0 -20.8860603547955179
  0   1 0.0071721594681794
  0   2 0.0067193259008736
  0   5 -0.0033506296103229
  0   6 0.0000000021567595
  0   9 -0.0000000053209569
  0  10 0.0000000022309031
  0  13 -0.0000000040051400
  0  14 0.0000000090263339
  0  16 -0.0000000000118785
  0  19 -0.0000000027507374
  0  22 -0.0000000074782348
  0  27 0.0000000095120475
  0  28 -0.0000000060107877
  0  29 0.0000000005203657
  0  34 0.0000000000088648
  0  38 0.0000000112534739
  0  39 0.0000000081569012
  0  43 -0.0000000000041249
  0  46 0.0000000070815095
  0  53 0.0000000008020730
  0  54 -0.0000000000016857
  0  56 -0.0000000028925513
  0  57 0.0000000125933884
  0  62 0.0000000105598858
  0  65 -0.0000000154841883
  0  68 -0.0000000000193306
  0  73 -0.0000000000033663
  0  74 -0.0000000065138508
  0  79 0.0000000007671571
  0  80 0.0000000023148847
  0  83 0.0000000000053262
  0  85 0.0000000139074407
  0  92 0.0000000153024749
  0  93 0.0000000029623122
  0  94 0.0000000000017515
  0 104 -0.0000000047889352
  0 105 0.0000000091034541
  0 109 -0.0000000000043037
  0 110 -0.0000000107540633
  0 114 -0.0000000000172288
  0 115 0.0000000015116878
  0 120 -0.0000000229370862
  0 121 0.0000000072495061
  0 122 0.0000000010290409
  0 123 0.0000000058032026
  0 126 -0.0000000148474671
  0 127 -0.0000000000720984
  0 128 0.0000000021076816
  0 131 -0.0000000033167775
  0 132 -0.0000000021203007
  0 133 -0.0000000000208182
  0 136 -0.0000000003528760
  0 137 0.0000000005234791
  0 138 0.0000000000682092
  0 139 0.0000000000041090
  1   0 0.0071721594681766
  1   1 -1.4644578407693283
  1   6 0.0003436542909058
  1   9 -0.0034556028492078
  1  10 -0.0002058639629812
  1  13 -0.0017926028362931
  1  14 0.0043759012765647
  1  15 0.0000000000036976
  1  16 0.0000000002547494
  1  19 0.0011081515150613
  1  22 -0.0033240395221874
  1  26 0.0000000000151450
  1  27 0.0052205026487784
  1  28 -0.0008527909038949
  1  29 -0.0013342288274003
  1  34 -0.0000000000323817
  1  38 0.0026218402178008
  1  39 0.0021505114661562
  1  46 0.0034957439653144
  1  50 -0.0000000000027094
  1  53 0.0019955354308514
  1  54 0.0000000000027618
  1  56 -0.0001578152512449
  1  57 0.0028780176511986
  1  61 0.0000000000203744
  1  62 0.0009913187313351
  1  65 -0.0036061627147016
  1  68 0.0000000001093704
  1  69 0.0000000000055387
  1  73 0.0000000000218290
  1  74 0.0000693304050491
  1  79 0.0018615973988193
  1  80 -0.0000629653924168
  1  83 -0.0000000000290223
  1  85 0.0012023869430613
  1  91 0.0000000000010944
  1  92 0.0012166471114230
  1  93 0.0002063554433919
  1  94 0.0000000000314152
  1  98 0.0000000000163514
  1 104 -0.0006481865868046
  1 105 0.0008365494094839
  1 108 0.0000000000016675
  1 109 -0.0000000001182992
  1 110 -0.0009279946697424
  1 114 -0.0000000000390079
  1 115 -0.0008539425839466
  1 120 -0.0007059600498258
  1 121 0.0003443065905971
  1 122 0.0001065131256194
  1 123 0.0001027222630018
  1 126 -0.0001788935451415
  1 127 -0.0000081398567895
  1 128 0.0000537109796858
  1 131 0.0000093314920004
  1 132 -0.0000298815795853
  1 133 -0.0000017453107805
  1 136 -0.0000010245335362
  1 137 -0.0000002897306523
  1 138 0.0000026355352893
  1 139 -0.0000011332341254
  1 140 0.0000005382587692
  1 141 -0.0000002046867169
  2   0 0.0067193259008727
  2   2 -0.7267769844300989
  2   6 -0.0108063596172875
  2   9 0.0012540803221439
  2  10 -0.0119653489296018
  2  13 0.0103186656485195
  2  14 -0.0014547445476044
  2  15 -0.0000000000026734
  2  16 -0.0000000001917533
  2  19 0.0201760046300207
  2  22 0.0076993788094098
  2  25 -0.0000000000017808
  2  26 -0.0000000001260480
  2  27 0.0030241034814614
  2  28 0.0071599654511148
  2  29 -0.0164498259614134
  2  34 -0.0000000000300700
  2  38 -0.0141222108716461
  2  39 -0.0063782951341758
  2  43 -0.0000000000392285
  2  46 0.0095564812143328
  2  50 0.0000000000013845
  2  53 0.0073956099091685
  2  54 0.0000000001186921
  2  55 -0.0000000000053750
  2  56 0.0068450538088762
  2  57 -0.0039784841923684
  2  61 -0.0000000000394468
  2  62 -0.0056711923199992
  2  65 -0.0018415371769636
  2  68 -0.0000000000341573
  2  69 -0.0000000000017370
  2  72 -0.0000000000040856
  2  73 -0.0000000003511293
  2  74 0.0073032722783686
  2  79 0.0088706522146484
  2  80 -0.0025415329355169
  2  83 0.0000000002697740
  2  84 0.0000000000033050
  2  85 -0.0030460856361882
  2  91 -0.0000000000010281
  2  92 -0.0038433721779170
  2  93 -0.0002434432238787
  2  94 0.0000000000077865
  2  98 -0.0000000000333800
  2 104 0.0002088292264239
  2 105 0.0004329542377226
  2 108 -0.0000000000079076
  2 109 0.0000000005618962
  2 110 -0.0021105718723870
  2 114 0.0000000000097448
  2 115 -0.0032319610593879
  2 120 0.0027026742752169
  2 121 -0.0014220014088263
  2 122 -0.0006104058514077
  2 123 0.0004491066731840
  2 126 0.0008262964212943
  2 127 0.0000290598175280
  2 128 -0.0000323663525660
  2 131 0.0001227726737334
  2 132 -0.0000009464882554
  2 133 0.0000102705213833
  2 136 0.0000075935202781
  2 137 -0.0000013597165032
  2 138 0.0000007752450870
  2 139 -0.0000004095268874
  2 140 0.0000001906595697
  2 141 -0.0000000726067966
  3   3 -0.5388479334157035
  3   7 0.0109136233702253
  3   8 -0.0000048968122873
  3  11 0.0056000202339027
  3  12 -0.0000139995218831
  3  17 -0.0216073505863359
  3  18 -0.0000344183577368
  3  20 0.0032528368199760
  3  21 0.0000268305709825
  3  23 -0.0000260666681090
  3  24 -0.0038940466828753
  3  30 0.0052126870326994
  3  31 0.0000086576045004
  3  32 -0.0000000001232838
  3  33 0.0000000000022505
  3  36 0.0219262453776997
  3  37 0.0000236071817148
  3  40 0.0053420992940705
  3  41 -0.0000026770006152
  3  44 0.0000219685517887
  3  45 0.0046197303255563
  3  47 -0.0000000000012055
  3  48 0.0000000000689638
  3  51 -0.0029542288543076
  3  52 0.0000034338879795
  3  58 -0.0011038208810595
  3  59 -0.0000043925416783
  3  63 0.0000021706066472
  3  64 0.0004242181430533
  3  66 -0.0000000000295875
  3  70 -0.0000261938703632
  3  71 -0.0047363816679957
  3  75 0.0000596147168015
  3  76 0.0123838376154889
  3  77 -0.0000000000337540
  3  81 -0.0000139076260958
  3  82 0.0022621188576778
  3  86 -0.0015670462687827
  3  87 0.0000021945130074
  3  88 -0.0000000000804605
  3  96 -0.0000006969241375
  3  97 0.0001357145649993
  3 100 0.0000025743648673
  3 101 0.0005060064742087
  3 102 0.0000011995295992
  3 103 0.0001332011365867
  3 106 0.0000000003413203
  3 107 0.0000000000059479
  3 111 -0.0000113208133003
  3 112 -0.0024261763484753
  3 116 0.0000164245559157
  3 117 -0.0035787425659758
  3 118 0.0000076037184571
  3 119 -0.0015136116778055
  3 124 -0.0000099375654832
  3 125 0.0009062481809380
  3 129 0.0002411481397729
  3 130 0.0000009549419928
  3 134 0.0000188265353299
  3 135 -0.0000007190546380
  4   4 -0.5388479333727867
  4   7 0.0000048968121031
  4   8 0.0109136234197953
  4  11 -0.0000139995217411
  4  12 -0.0056000202837670
  4  17 0.0000344183583445
  4  18 -0.0216073506916880
  4  20 0.0000268305710689
  4  21 -0.0032528368839377
  4  23 -0.0038940467350911
  4  24 0.0000260666689263
  4  30 0.0000086576040804
  4  31 -0.0052126871312593
  4  32 0.0000000000020226
  4  33 0.0000000001153499
  4  36 -0.0000236071826525
  4  37 0.0219262455080957
  4  40 0.0000026770003186
  4  41 0.0053420994194594
  4  44 0.0046197304103870
  4  45 -0.0000219685518308
  4  47 -0.0000000000683327
  4  48 -0.0000000000012125
  4  51 -0.0000034338879788
  4  52 -0.0029542288422480
  4  58 -0.0000043925416158
  4  59 0.0011038209368092
  4  63 0.0004242181310754
  4  64 -0.0000021706060424
  4  67 -0.0000000000347211
  4  70 -0.0047363815717778
  4  71 0.0000261938696669
  4  75 0.0123838374881634
  4  76 -0.0000596147157004
  4  77 0.0000000000011950
  4  78 0.0000000000362428
  4  81 -0.0022621187999010
  4  82 -0.0000139076257591
  4  86 -0.0000021945130072
  4  87 -0.0015670462502640
  4  89 -0.0000000000809145
  4  96 -0.0001357145079044
  4  97 -0.0000006969234968
  4 100 0.0005060064711074
  4 101 -0.0000025743647690
  4 102 0.0001332011422611
  4 103 -0.0000011995296516
  4 106 -0.0000000000044686
  4 107 0.0000000003169112
  4 111 -0.0024261761585281
  4 112 0.0000113208115934
  4 116 0.0035787422693602
  4 117 0.0000164245533445
  4 118 0.0015136115670142
  4 119 0.0000076037174185
  4 124 -0.0009062480584289
  4 125 -0.0000099375636829
  4 129 -0.0000009549418947
  4 130 0.0002411481311353
  4 134 0.0000007190547724
  4 135 0.0000188265345616
  5   0 -0.0033506296103211
  5   5 -0.0229125450911840
  5   6 -0.0177980016010184
  5   9 0.0356266981098768
  5  10 -0.0152067630278140
  5  13 0.0187173086419518
  5  14 -0.0329307059969817
  5  15 0.0000000000054661
  5  16 0.0000000004468684
  5  19 0.0144636402309189
  5  22 0.0250241002807469
  5  26 -0.0000000000495077
  5  27 -0.0186446071862672
  5  28 0.0128616596632109
  5  29 -0.0034619502974112
  5  34 0.0000000001066026
  5  35 -0.0000000000011607
  5  38 -0.0189470950891748
  5  39 -0.0118968781489103
  5  42 -0.0000000000038264
  5  43 0.0000000003310568
  5  46 -0.0078194323288896
  5  50 -0.0000000000478063
  5  53 0.0007760730800752
  5  54 0.0000000000438849
  5  55 -0.0000000000020130
  5  56 0.0027516804884042
  5  57 -0.0107492900206186
  5  61 0.0000000000413671
  5  62 -0.0094396953281687
  5  65 0.0105633078515407
  5  68 -0.0000000000941388
  5  69 -0.0000000000045648
  5  72 -0.0000000000013179
  5  73 -0.0000000000523755
  5  74 0.0018648867994905
  5  79 -0.0007584497282112
  5  80 -0.0022792901876644
  5  83 0.0000000000084777
  5  85 -0.0054286288110902
  5  90 -0.0000000000012927
  5  91 -0.0000000000118879
  5  92 -0.0069565547800771
  5  93 -0.0020148114428789
  5  94 -0.0000000003020691
  5  95 -0.0000000000045189
  5  98 -0.0000000000843991
  5 104 0.0012502469993353
  5 105 -0.0028378324416841
  5 108 -0.0000000000077461
  5 109 0.0000000005530240
  5 110 0.0012313200231285
  5 113 0.0000000000035608
  5 114 -0.0000000003005274
  5 115 0.0020918546967017
  5 120 0.0033963356299936
  5 121 -0.0012740967466960
  5 122 -0.0000693169385237
  5 123 -0.0008562088602049
  5 126 0.0002999666762747
  5 127 0.0000075519370746
  5 128 -0.0000148423031558
  5 131 0.0000155297238342
  5 132 0.0000846288528258
  5 133 -0.0000000899571818
  5 136 -0.0000001850707511
  5 137 -0.0000064969336417
  5 138 -0.0000066358718445
  5 139 0.0000023457469849
  5 140 -0.0000011386875795
  5 141 0.0000004336080076
  6   0 0.0000000021567761
  6   1 0.0003436542909213
  6   2 -0.0108063596172877
  6   5 -0.0177980016010422
  6   6 0.0688366234310700
  7   3 0.0109136233702255
  7   4 0.0000048968121031
  7   7 0.0888909440482917
  8   3 -0.0000048968122873
  8   4 0.0109136234197953
  8   8 0.0888909440564825
  9   0 -0.0000000053209806
  9   1 -0.0034556028492299
  9   2 0.0012540803221525
  9   5 0.0356266981099080
  9   9 0.1150320400858975
  9  19 -0.0000000000012316
  9  27 0.0000000000019819
  9  29 -0.0000000000018054
  9  46 -0.0000000000022712
  9  53 -0.0000000000017883
  9  56 -0.0000000000012726
  9  79 0.0000000000021914
 10   0 0.0000000022308555
 10   1 -0.0002058639629580
 10   2 -0.0119653489295735
 10   5 -0.0152067630277883
 10  10 0.1778646503445074
 11   3 0.0056000202339033
 11   4 -0.0000139995217411
 11  11 0.2508004546178841
 12   3 -0.0000139995218831
 12   4 -0.0056000202837667
 12  12 0.2508004546991076
 13   0 -0.0000000040051344
 13   1 -0.0017926028362429
 13   2 0.0103186656485116
 13   5 0.0187173086419431
 13  13 0.3627489589417501
 14   0 0.0000000090263174
 14   1 0.0043759012765159
 14   2 -0.0014547445475777
 14   5 -0.0329307059969353
 14  14 0.4311090490784177
 14  29 0.0000000000017024
 14  46 0.0000000000024108
 14  53 0.0000000000010000
 14  56 0.0000000000018210
 14  57 -0.0000000000016534
 14  79 -0.0000000000025398
 14  85 0.0000000000014975
 14  92 -0.0000000000011172
 14  93 -0.0000000000011717
 14 105 0.0000000000018340
 14 115 -0.0000000000012961
 14 121 0.0000000000015134
 14 122 0.0000000000010516
 14 123 -0.0000000000011974
 15   1 0.0000000000036976
 15   2 -0.0000000000026734
 15   5 0.0000000000054661
 15  15 0.4377203582215141
 16   0 -0.0000000000118785
 16   1 0.0000000002547495
 16   2 -0.0000000001917533
 16   5 0.0000000004468684
 16  16 0.4377203582256384
 17   3 -0.0216073505863363
 17   4 0.0000344183583445
 17  17 0.4443539642073582
 18   3 -0.0000344183577368
 18   4 -0.0216073506916873
 18  18 0.4443539642232694
 19   0 -0.0000000027507989
 19   1 0.0011081515148774
 19   2 0.0201760046300457
 19   5 0.0144636402309942
 19   9 -0.0000000000010124
 19  19 0.4620802836766649
 19  27 -0.0000000000037941
 19  29 0.0000000000039326
 19  39 0.0000000000016731
 19  46 0.0000000000044817
 19  53 0.0000000000036927
 19  56 0.0000000000027938
 19  65 0.0000000000010227
 19  79 -0.0000000000038261
 19 115 -0.0000000000012386
 20   3 0.0032528368199769
 20   4 0.0000268305710689
 20  20 0.5415277702443968
 21   3 0.0000268305709825
 21   4 -0.0032528368839365
 21  21 0.5415277702654240
 22   0 -0.0000000074782166
 22   1 -0.0033240395222124
 22   2 0.0076993788093802
 22   5 0.0250241002807442
 22  22 0.5819598694593364
 23   3 -0.0000260666681090
 23   4 -0.0038940467350856
 23  23 0.8154222661341310
 24   3 -0.0038940466828762
 24   4 0.0000260666689263
 24  24 0.8154222662662101
 25   2 -0.0000000000017808
 25  25 0.9699573982291598
 26   1 0.0000000000151450
 26   2 -0.0000000001260479
 26   5 -0.0000000000495077
 26  26 0.9699573982387730
 27   0 0.0000000095122052
 27   1 0.0052205026488232
 27   2 0.0030241034814155
 27   5 -0.0186446071862960
 27   9 0.0000000000021593
 27  19 -0.0000000000021242
 27  27 0.9899527158866910
 27  29 0.0000000000020936
 27  46 0.0000000000023940
 27  56 0.0000000000021508
 27  74 -0.0000000000010592
 27  79 -0.0000000000010033
 28   0 -0.0000000060107644
 28   1 -0.0008527909039478
 28   2 0.0071599654511125
 28   5 0.0128616596632284
 28  28 1.0848975665062761
 28  29 0.0000000000011479
 28  46 0.0000000000012511
 28  53 0.0000000000013080
 28  79 -0.0000000000017610
 28 140 -0.0000000000010182
 29   0 0.0000000005203546
 29   1 -0.0013342288273223
 29   2 -0.0164498259613475
 29   5 -0.0034619502973994
 29   9 -0.0000000000022675
 29  13 0.0000000000010787
 29  19 0.0000000000020248
 29  27 0.0000000000028276
 29  28 0.0000000000011756
 29  29 1.1422453087371991
 29  62 0.0000000000016383
 29  74 0.0000000000014124
 29  79 -0.0000000000021595
 29  92 -0.0000000000023593
 29  93 -0.0000000000013482
 29 104 0.0000000000012901
 29 105 0.0000000000033735
 29 110 -0.0000000000010820
 29 121 0.0000000000022608
 29 122 0.0000000000020221
 29 123 -0.0000000000017376
 30   3 0.0052126870326977
 30   4 0.0000086576040804
 30  30 1.2338475105710638
 31   3 0.0000086576045004
 31   4 -0.0052126871312482
 31  31 1.2338475106222762
 32   3 -0.0000000001232842
 32   4 0.0000000000020226
 32  32 1.4304087573042241
 33   3 0.0000000000022505
 33   4 0.0000000001153495
 33  33 1.4304087573094151
 34   0 0.0000000000088648
 34   1 -0.0000000000323816
 34   2 -0.0000000000300700
 34   5 0.0000000001066025
 34  34 1.4633214266693209
 35   5 -0.0000000000011607
 35  35 1.4633214266816723
 36   3 0.0219262453776997
 36   4 -0.0000236071826525
 36  36 1.5236765493567357
 37   3 0.0000236071817149
 37   4 0.0219262455080922
 37  37 1.5236765494133624
 38   0 0.0000000112535069
 38   1 0.0026218402177451
 38   2 -0.0141222108716515
 38   5 -0.0189470950891599
 38  27 -0.0000000000013222
 38  38 1.5394867958715757
 39   0 0.0000000081568722
 39   1 0.0021505114660649
 39   2 -0.0063782951341582
 39   5 -0.0118968781488486
 39  19 0.0000000000016601
 39  38 -0.0000000000013272
 39  39 1.6383938210319471
 39  46 0.0000000000032221
 39  53 0.0000000000032525
 39  56 0.0000000000015096
 39  79 -0.0000000000041507
 39  92 -0.0000000000013974
 39  93 -0.0000000000013509
 39 104 0.0000000000013550
 39 105 0.0000000000020885
 39 115 -0.0000000000013636
 39 121 0.0000000000017958
 39 122 0.0000000000010714
 39 123 -0.0000000000010660
 39 140 -0.0000000000010151
 40   3 0.0053420992940692
 40   4 0.0000026770003186
 40  40 1.6587174150102575
 41   3 -0.0000026770006153
 41   4 0.0053420994194578
 41  41 1.6587174150873898
 42   5 -0.0000000000038264
 42  42 1.7253975364630660
 43   0 -0.0000000000041249
 43   2 -0.0000000000392285
 43   5 0.0000000003310567
 43  43 1.7253975364720655
 44   3 0.0000219685517887
 44   4 0.0046197304103903
 44  44 1.9894045605505097
 45   3 0.0046197303255590
 45   4 -0.0000219685518308
 45  45 1.9894045612222377
 46   0 0.0000000070814740
 46   1 0.0034957439651400
 46   2 0.0095564812143663
 46   5 -0.0078194323287169
 46   9 -0.0000000000038717
 46  10 -0.0000000000028983
 46  13 0.0000000000023726
 46  27 0.0000000000074220
 46  28 0.0000000000015049
 46  29 -0.0000000000043945
 46  38 -0.0000000000012596
 46  46 2.0073770783711242
 46  53 -0.0000000000119440
 46  56 -0.0000000000061783
 46  57 0.0000000000011715
 46  62 -0.0000000000011555
 46  65 -0.0000000000026191
 46  74 -0.0000000000017844
 46  79 0.0000000000125178
 46  80 -0.0000000000014730
 46  85 -0.0000000000022528
 46  92 0.0000000000027559
 46  93 0.0000000000037091
 46 104 -0.0000000000037004
 46 105 -0.0000000000042409
 46 110 0.0000000000022534
 46 115 0.0000000000040170
 46 120 -0.0000000000017501
 46 121 -0.0000000000041998
 46 122 -0.0000000000021737
 46 123 0.0000000000025693
 46 128 0.0000000000015916
 46 132 0.0000000000010406
 47   3 -0.0000000000012055
 47   4 -0.0000000000683327
 47  47 2.3189497728397495
 48   3 0.0000000000689638
 48   4 -0.0000000000012125
 48  48 2.3189497728403183
 49  49 2.3329241907463065
 50   1 -0.0000000000027095
 50   2 0.0000000000013844
 50   5 -0.0000000000478060
 50  50 2.3329241907505711
 51   3 -0.0029542288543082
 51   4 -0.0000034338879788
 51  51 2.4177340192800871
 52   3 0.0000034338879795
 52   4 -0.0029542288422492
 52  52 2.4177340193357293
 53   0 0.0000000008020361
 53   1 0.0019955354307791
 53   2 0.0073956099092004
 53   5 0.0007760730801013
 53   9 -0.0000000000028155
 53  10 -0.0000000000026076
 53  13 0.0000000000017874
 53  27 0.0000000000023062
 53  38 -0.0000000000017005
 53  39 0.0000000000015755
 53  46 -0.0000000000072808
 53  53 2.4189719135986878
 53  57 -0.0000000000027153
 53  79 -0.0000000000018674
 53  85 0.0000000000020001
 53  92 -0.0000000000024554
 53  93 -0.0000000000014563
 53 105 0.0000000000033394
 53 110 -0.0000000000012364
 53 115 -0.0000000000011159
 53 121 0.0000000000028125
 53 122 0.0000000000019689
 53 123 -0.0000000000010420
 54   0 -0.0000000000016857
 54   1 0.0000000000027618
 54   2 0.0000000001186922
 54   5 0.0000000000438850
 54  54 2.5314963840222848
 55   2 -0.0000000000053750
 55   5 -0.0000000000020130
 55  55 2.5314963840223483
 56   0 -0.0000000028925796
 56   1 -0.0001578152512748
 56   2 0.0068450538089080
 56   5 0.0027516804884578
 56   9 -0.0000000000018366
 56  19 0.0000000000011961
 56  27 0.0000000000037614
 56  29 -0.0000000000023486
 56  38 -0.0000000000013473
 56  46 -0.0000000000067177
 56  56 2.6491319326119727
 56  57 0.0000000000011298
 56  65 -0.0000000000024214
 56  79 0.0000000000075648
 56  80 -0.0000000000016123
 56  92 0.0000000000012053
 56  93 0.0000000000018411
 56 104 -0.0000000000019609
 56 105 -0.0000000000018316
 56 110 0.0000000000023383
 56 115 0.0000000000039804
 56 121 -0.0000000000019146
 56 123 0.0000000000025432
 56 128 0.0000000000015694
 56 132 0.0000000000010345
 57   0 0.0000000125933564
 57   1 0.0028780176512957
 57   2 -0.0039784841923650
 57   5 -0.0107492900206527
 57  14 -0.0000000000015910
 57  19 -0.0000000000022086
 57  29 -0.0000000000013374
 57  39 -0.0000000000017708
 57  46 -0.0000000000010883
 57  53 -0.0000000000040579
 57  57 2.9234713432054917
 58   3 -0.0011038208810595
 58   4 -0.0000043925416158
 58  58 3.0836347733806866
 59   3 -0.0000043925416783
 59   4 0.0011038209368073
 59  59 3.0836347734227956
 60  60 3.2077642398928341
 61   1 0.0000000000203744
 61   2 -0.0000000000394468
 61   5 0.0000000000413669
 61  61 3.2077642399071715
 62   0 0.0000000105598692
 62   1 0.0009913187314002
 62   2 -0.0056711923199942
 62   5 -0.0094396953281746
 62  19 -0.0000000000012177
 62  27 0.0000000000015632
 62  46 -0.0000000000018236
 62  53 -0.0000000000027524
 62  56 -0.0000000000013546
 62  62 3.5353430292450403
 62  74 -0.0000000000012177
 62  79 0.0000000000029420
 62  92 0.0000000000020336
 62  93 0.0000000000013893
 62 104 -0.0000000000012887
 62 105 -0.0000000000026373
 62 121 -0.0000000000020517
 62 122 -0.0000000000015478
 63   3 0.0000021706066472
 63   4 0.0004242181310852
 63  63 3.7596312450639138
 64   3 0.0004242181430494
 64   4 -0.0000021706060424
 64  64 3.7596312453242762
 65   0 -0.0000000154841765
 65   1 -0.0036061627147840
 65   2 -0.0018415371769513
 65   5 0.0105633078515702
 65  46 -0.0000000000010086
 65  53 0.0000000000014161
 65  65 3.8713546105340870
 65  79 -0.0000000000010667
 66   3 -0.0000000000295872
 66  66 4.2364872463794505
 67   4 -0.0000000000347220
 67  67 4.2364872463852929
 68   0 -0.0000000000193305
 68   1 0.0000000001093703
 68   2 -0.0000000000341573
 68   5 -0.0000000000941388
 68  68 4.2597034419015340
 69   1 0.0000000000055387
 69   2 -0.0000000000017370
 69   5 -0.0000000000045648
 69  69 4.2597034419021318
 70   3 -0.0000261938703632
 70   4 -0.0047363815717606
 70  70 4.3182021213135240
 71   3 -0.0047363816679896
 71   4 0.0000261938696669
 71  71 4.3182021214792403
 72   2 -0.0000000000040856
 72   5 -0.0000000000013179
 72  72 4.4386457598685158
 73   0 -0.0000000000033663
 73   1 0.0000000000218290
 73   2 -0.0000000003511293
 73   5 -0.0000000000523754
 73  73 4.4386457598828120
 74   0 -0.0000000065138578
 74   1 0.0000693304050535
 74   2 0.0073032722783684
 74   5 0.0018648867994943
 74  19 -0.0000000000012306
 74  46 -0.0000000000022038
 74  53 -0.0000000000034530
 74  56 -0.0000000000011315
 74  62 -0.0000000000014413
 74  74 4.5900470886321765
 75   3 0.0000596147168014
 75   4 0.0123838374881610
 75  75 4.6268001971208301
 76   3 0.0123838376154943
 76   4 -0.0000596147157005
 76  76 4.6268001973929218
 77   3 -0.0000000000337541
 77   4 0.0000000000011950
 77  77 4.6492417949284874
 78   4 0.0000000000362426
 78  78 4.6492417949320695
 79   0 0.0000000007671673
 79   1 0.0018615973990904
 79   2 0.0088706522145851
 79   5 -0.0007584497282625
 79   9 0.0000000000020894
 79  14 -0.0000000000017497
 79  19 -0.0000000000049432
 79  27 0.0000000000028642
 79  29 -0.0000000000040787
 79  38 0.0000000000025191
 79  39 -0.0000000000046148
 79  46 0.0000000000038871
 79  53 -0.0000000000062016
 79  56 0.0000000000044517
 79  57 -0.0000000000021716
 79  62 -0.0000000000017129
 79  65 -0.0000000000010871
 79  74 -0.0000000000043926
 79  79 4.9229629768479199
 79  85 0.0000000000021575
 79 105 0.0000000000017910
 79 120 0.0000000000017200
 79 121 0.0000000000013776
 79 128 0.0000000000010576
 79 139 0.0000000000011818
 80   0 0.0000000023148695
 80   1 -0.0000629653924347
 80   2 -0.0025415329355096
 80   5 -0.0022792901876562
 80  53 0.0000000000011648
 80  80 5.2094342115248766
 81   3 -0.0000139076260957
 81   4 -0.0022621187998997
 81  81 5.2728340919392949
 82   3 0.0022621188576747
 82   4 -0.0000139076257591
 82  82 5.2728340920164056
 83   0 0.0000000000053262
 83   1 -0.0000000000290223
 83   2 0.0000000002697738
 83   5 0.0000000000084778
 83  83 5.7205650770895602
 84   2 0.0000000000033050
 84  84 5.7205650771078798
 85   0 0.0000000139074432
 85   1 0.0012023869429692
 85   2 -0.0030460856361870
 85   5 -0.0054286288110353
 85  14 0.0000000000010937
 85  19 0.0000000000015748
 85  39 0.0000000000015444
 85  53 0.0000000000025243
 85  85 6.2825646565791722
 86   3 -0.0015670462687778
 86   4 -0.0000021945130073
 86  86 6.3575908743059362
 87   3 0.0000021945130074
 87   4 -0.0015670462502721
 87  87 6.3575908743495511
 88   3 -0.0000000000804606
 88  88 6.7733582441267863
 89   4 -0.0000000000809145
 89  89 6.7733582441277447
 90   5 -0.0000000000012927
 90  90 6.7753818114078088
 91   1 0.0000000000010945
 91   2 -0.0000000000010280
 91   5 -0.0000000000118883
 91  91 6.7753818114218580
 92   0 0.0000000153024508
 92   1 0.0012166471114745
 92   2 -0.0038433721779227
 92   5 -0.0069565547801042
 92  10 0.0000000000011821
 92  27 -0.0000000000013837
 92  46 0.0000000000024621
 92  56 0.0000000000021076
 92  74 -0.0000000000010736
 92  79 -0.0000000000048027
 92  92 6.9286966275873869
 92  93 -0.0000000000013548
 92 104 0.0000000000012521
 92 105 0.0000000000016700
 92 115 -0.0000000000014539
 92 121 0.0000000000014473
 92 123 -0.0000000000010978
 93   0 0.0000000029623043
 93   1 0.0002063554433860
 93   2 -0.0002434432238772
 93   5 -0.0020148114428803
 93   9 0.0000000000012588
 93  27 -0.0000000000019278
 93  29 0.0000000000014132
 93  46 0.0000000000041115
 93  56 0.0000000000031301
 93  57 -0.0000000000015100
 93  74 -0.0000000000011304
 93  79 -0.0000000000043718
 93  85 0.0000000000012707
 93  92 -0.0000000000012900
 93  93 7.1682686967934117
 94   0 0.0000000000017515
 94   1 0.0000000000314153
 94   2 0.0000000000077866
 94   5 -0.0000000003020693
 94  94 7.2040586848210975
 94 105 0.0000000000010581
 94 115 -0.0000000000010186
 95   5 -0.0000000000045189
 95  95 7.2040586848228125
 96   3 -0.0000006969241375
 96   4 -0.0001357145078961
 96  96 7.2469338302513355
 97   3 0.0001357145649876
 97   4 -0.0000006969234968
 97  97 7.2469338304122690
 98   1 0.0000000000163515
 98   2 -0.0000000000333798
 98   5 -0.0000000000843990
 98  98 8.5394674307404728
 99  99 8.5394674307421141
100   3 0.0000025743648673
100   4 0.0005060064711024
100 100 9.2766166417991691
101   3 0.0005060064742179
101   4 -0.0000025743647690
101 101 9.2766166420485057
102   3 0.0000011995295992
102   4 0.0001332011422587
102 102 9.4307156451501761
103   3 0.0001332011365888
103   4 -0.0000011995296516
103 103 9.4307156451833247
104   0 -0.0000000047889377
104   1 -0.0006481865868551
104   2 0.0002088292264379
104   5 0.0012502469993052
104  29 0.0000000000011911
104  39 0.0000000000011232
104  46 -0.0000000000014362
104  56 -0.0000000000011070
104  79 0.0000000000022604
104  92 0.0000000000014505
104 104 9.6896030909491522
104 115 -0.0000000000012385
105   0 0.0000000091035255
105   1 0.0008365494093450
105   2 0.0004329542377147
105   5 -0.0028378324416614
105  14 0.0000000000018285
105  19 0.0000000000028017
105  27 -0.0000000000042437
105  29 0.0000000000051370
105  39 0.0000000000035248
105  46 0.0000000000029158
105  53 0.0000000000040358
105  56 0.0000000000010802
105  62 -0.0000000000019593
105  79 0.0000000000025263
105  80 0.0000000000010777
105  92 0.0000000000025959
105  94 0.0000000000010517
105 104 0.0000000000011589
105 105 10.5915517935904209
105 121 -0.0000000000018422
105 122 -0.0000000000020492
105 123 0.0000000000012806
105 126 -0.0000000000011653
105 140 0.0000000000018013
106   3 0.0000000003413201
106   4 -0.0000000000044686
106 106 11.1579516227093531
107   3 0.0000000000059479
107   4 0.0000000003169126
107 107 11.1579516227148652
108   1 0.0000000000016675
108   2 -0.0000000000079076
108   5 -0.0000000000077461
108 108 11.3940601989769412
108 140 -0.0000000000012753
109   0 -0.0000000000043037
109   1 -0.0000000001182993
109   2 0.0000000005618964
109   5 0.0000000005530241
109 109 11.3940601989786678
110   0 -0.0000000107540255
110   1 -0.0009279946696846
110   2 -0.0021105718723774
110   5 0.0012313200231127
110  46 0.0000000000025480
110  56 0.0000000000019443
110  79 -0.0000000000020746
110 105 0.0000000000011993
110 110 11.4808563491281976
111   3 -0.0000113208133003
111   4 -0.0024261761585283
111 111 11.6290383446540915
112   3 -0.0024261763484729
112   4 0.0000113208115934
112 112 11.6290383447273555
112 140 0.0000000000015598
113   5 0.0000000000035608
113 113 12.5367033652322881
114   0 -0.0000000000172288
114   1 -0.0000000000390084
114   2 0.0000000000097447
114   5 -0.0000000003005272
114 114 12.5367033652695330
114 140 -0.0000000000012159
115   0 0.0000000015117512
115   1 -0.0008539425838116
115   2 -0.0032319610593936
115   5 0.0020918546966795
115   9 0.0000000000012837
115  27 -0.0000000000011039
115  46 0.0000000000039058
115  56 0.0000000000029716
115  79 -0.0000000000020123
115  94 -0.0000000000010218
115 104 -0.0000000000010438
115 115 12.5979747175025949
116   3 0.0000164245559157
116   4 0.0035787422693610
116 116 13.1447516197270140
116 140 0.0000000000013503
117   3 -0.0035787425659830
117   4 0.0000164245533445
117 117 13.1447516198763346
118   3 0.0000076037184572
118   4 0.0015136115670220
118 118 14.4751178527433382
119   3 -0.0015136116778255
119   4 0.0000076037174186
119 119 14.4751178528916160
120   0 -0.0000000229370496
120   1 -0.0007059600498527
120   2 0.0027026742752325
120   5 0.0033963356300196
120  39 0.0000000000011710
120  53 0.0000000000010478
120 104 0.0000000000013316
120 105 0.0000000000013078
120 110 -0.0000000000012437
120 120 14.7023557925850596
120 121 0.0000000000010492
120 140 0.0000000000038017
121   0 0.0000000072495629
121   1 0.0003443065904756
121   2 -0.0014220014088551
121   5 -0.0012740967466685
121  14 0.0000000000010917
121  19 0.0000000000011603
121  27 -0.0000000000017782
121  29 0.0000000000032170
121  39 0.0000000000026714
121  46 0.0000000000014986
121  53 0.0000000000024541
121  62 -0.0000000000011820
121  65 0.0000000000011981
121  79 0.0000000000018493
121  92 0.0000000000013166
121 104 0.0000000000015515
121 105 -0.0000000000011034
121 110 -0.0000000000016363
121 115 -0.0000000000020376
121 121 15.4033454692474034
121 122 -0.0000000000011133
121 123 -0.0000000000023955
121 128 -0.0000000000016714
121 132 -0.0000000000010792
122   0 0.0000000010291105
122   1 0.0001065131256163
122   2 -0.0006104058514173
122   5 -0.0000693169385288
122  29 0.0000000000011323
122  39 0.0000000000014338
122  79 0.0000000000026957
122  92 0.0000000000010494
122 105 -0.0000000000013060
122 121 -0.0000000000012710
122 122 17.1853745538927001
123   0 0.0000000058033639
123   1 0.0001027222630960
123   2 0.0004491066731940
123   5 -0.0008562088602330
123  46 0.0000000000036537
123  56 0.0000000000025748
123  79 -0.0000000000016574
123 105 0.0000000000011494
123 115 0.0000000000010009
123 120 0.0000000000014874
123 123 34.3132573899409437
123 140 0.0000000000010149
124   3 -0.0000099375654831
124   4 -0.0009062480584263
124 124 39.5014959313791394
125   3 0.0009062481809331
125   4 -0.0000099375636829
125 125 39.5014959313943024
125 139 -0.0000000000011662
125 140 0.0000000000040857
126   0 -0.0000000148474811
126   1 -0.0001788935451394
126   2 0.0008262964212715
126   5 0.0002999666762763
126  79 0.0000000000011478
126 126 40.4309075919748224
126 140 0.0000000000013178
127   0 -0.0000000000721009
127   1 -0.0000081398567943
127   2 0.0000290598175246
127   5 0.0000075519370726
127 127 62.3426781150541203
127 140 -0.0000000000023593
128   0 0.0000000021078413
128   1 0.0000537109797646
128   2 -0.0000323663525514
128   5 -0.0000148423031845
128  27 -0.0000000000011758
128  46 0.0000000000026191
128  56 0.0000000000020289
128 110 0.0000000000016131
128 115 0.0000000000018289
128 120 0.0000000000015248
128 121 -0.0000000000011901
128 123 0.0000000000011892
128 128 97.0461674356037349
129   3 0.0002411481397743
129   4 -0.0000009549418947
129 129 129.7123503264028557
129 140 -0.0000000000040257
130   3 0.0000009549419928
130   4 0.0002411481311408
130 130 129.7123503264616602
131   0 -0.0000000033167746
131   1 0.0000093314919992
131   2 0.0001227726737471
131   5 0.0000155297238344
131 131 130.4249063056900297
132   0 -0.0000000021201041
132   1 -0.0000298815795655
132   2 -0.0000009464882561
132   5 0.0000846288528151
132  79 0.0000000000010411
132 105 -0.0000000000012457
132 110 0.0000000000012877
132 115 0.0000000000015982
132 121 -0.0000000000015421
132 132 274.1688489382269722
133   0 -0.0000000000208229
133   1 -0.0000017453107769
133   2 0.0000102705213832
133   5 -0.0000000899571854
133 133 364.0293038584244982
133 140 0.0000000000015612
134   3 0.0000188265353307
134   4 0.0000007190547723
134 134 536.3748215140529965
134 140 0.0000000000011182
135   3 -0.0000007190546380
135   4 0.0000188265345602
135 135 536.3748215140560660
135 139 0.0000000000017212
135 140 -0.0000000000020721
136   0 -0.0000000003528823
136   1 -0.0000010245335339
136   2 0.0000075935202743
136   5 -0.0000001850707524
136 136 536.8628303945414473
137   0 0.0000000005236411
137   1 -0.0000002897306645
137   2 -0.0000013597165096
137   5 -0.0000064969336403
137  79 0.0000000000010637
137 105 -0.0000000000011179
137 121 -0.0000000000012929
137 128 -0.0000000000013465
137 137 790.3821238415949892
137 140 0.0000000000018538
138   0 0.0000000000681655
138   1 0.0000026355352918
138   2 0.0000007752450905
138   5 -0.0000066358718444
138  79 -0.0000000000010954
138 115 -0.0000000000010617
138 128 0.0000000000012960
138 132 0.0000000000022037
138 137 0.0000000000024050
138 138 2356.3591507346282015
138 139 0.0000000000041314
138 140 -0.0000000000077645
139   0 0.0000000000041021
139   1 -0.0000011332341163
139   2 -0.0000004095268881
139   5 0.0000023457469808
139  79 0.0000000000012236
139 125 -0.0000000000011662
139 128 -0.0000000000011513
139 132 -0.0000000000036033
139 135 0.0000000000017212
139 137 -0.0000000000032158
139 138 0.0000000000041579
139 139 7196.3263337380203666
139 140 0.0000000000026602
139 141 0.0000000000018042
140   1 0.0000005382587665
140   2 0.0000001906595710
140   5 -0.0000011386875773
140  39 -0.0000000000010512
140 105 0.0000000000019558
140 108 -0.0000000000012753
140 112 0.0000000000015598
140 114 -0.0000000000012159
140 116 0.0000000000013503
140 120 0.0000000000038498
140 123 0.0000000000012704
140 125 0.0000000000040857
140 126 0.0000000000013224
140 127 -0.0000000000023653
140 129 -0.0000000000040257
140 132 0.0000000000016924
140 133 0.0000000000015614
140 134 0.0000000000011182
140 135 -0.0000000000020721
140 136 0.0000000000010163
140 137 0.0000000000025146
140 138 -0.0000000000060915
140 139 -0.0000000000021758
140 140 21941.1266841349715833
140 141 -0.0000000000027097
141   1 -0.0000002046867168
141   2 -0.0000000726067981
141   5 0.0000004336080069
141 140 0.0000000000046609
141 141 69676.6553557094011921
